8148
8701
9167
9657
10312
10864
11602
12222
13052
13750
14486
15469
16296
17402
18333
19314
20625
21728
23203
24444
26104
27500
28971
30938
32593
34805
36667
38628
41250
43457
46406
48889
52207
55000
57942
61875
65185
69609
73333
77257
82500
86914
92813
97778
104414
110000
115885
123750
130370
139219
146667
154513
165000
173827
185625
195556
208828
220000
231770
247500
260741
278438
293333
309026
330000
347654
371250
391111
417656
440000
463539
495000
521481
556875
586667
618052
660000
695309
742500
782222
835313
880000
927078
990000
1042963
1113750
1173333
1236104
1320000
1390617
1485000
1564444
1670625
1760000
1854156
1980000
2085926
2227500
2346667
2472209
2640000
2781235
2970000
3128889
3341250
3520000
3708313
3960000
4171852
4455000
4693333
4944417
5280000
5562469
5940000
6257778
6682500
7040000
7416626
7920000
8343704
8910000
9386667
9888834
10560000
11124938
11880000
12515556
