83
83
83
83
83
83
81
83
74
74
74
74
74
74
74
74
83
83
83
83
83
83
81
83
86
86
86
86
86
86
83
86
88
88
88
88
88
88
86
88
79
79
79
79
79
79
79
79
76
74
76
79
81
79
81
83
81
81
81
81
81
81
81
81
83
83
83
83
83
83
81
83
74
74
74
74
74
74
74
74
83
83
83
83
83
83
81
83
86
86
86
86
86
86
83
86
88
88
88
88
88
88
86
88
79
79
79
79
79
79
79
79
76
74
76
79
81
79
81
83
79
79
79
79
79
79
79
79
88
88
88
88
84
84
79
88
86
86
86
86
83
83
83
79
81
81
81
83
81
81
81
79
83
83
83
83
83
83
79
79
88
88
88
88
84
84
79
88
86
86
86
86
83
83
83
83
81
81
81
79
81
81
81
83
81
81
81
81
81
81
74
74
83
83
83
83
79
79
74
86
83
83
83
83
83
83
83
83
84
84
84
86
88
88
88
86
84
84
84
84
84
84
76
76
83
83
83
83
81
81
88
79
83
83
83
83
81
81
81
83
81
81
81
79
81
81
81
83
79
79
79
79
79
79
79
79
88
88
88
88
88
88
79
88
86
86
86
86
86
86
79
79
88
88
88
88
88
88
84
88
86
86
86
86
86
86
74
74
83
83
83
84
81
81
76
79
81
81
81
83
86
86
86
86
86
79
79
88
88
88
88
88
79
88
86
86
86
86
86
86
79
79
88
88
88
88
88
88
84
88
86
86
86
86
86
86
74
74
83
83
83
86
81
81
76
79
81
81
81
81
83
83
83
83
79
79
79
79
79
79
