8250
8800
9281
9900
10312
11000
11602
12375
13200
13750
14667
15469
16500
17600
18562
19800
20625
22000
23203
24750
26400
27500
29333
30938
33000
35200
37125
39600
41250
44000
46406
49500
52800
55000
58667
61875
66000
70400
74250
79200
82500
88000
92812
99000
105600
110000
117333
123750
132000
140800
148500
158400
165000
176000
185625
198000
211200
220000
234667
247500
264000
281600
297000
316800
330000
352000
371250
396000
422400
440000
469333
495000
528000
563200
594000
633600
660000
704000
742500
792000
844800
880000
938667
990000
1056000
1126400
1188000
1267200
1320000
1408000
1485000
1584000
1689600
1760000
1877333
1980000
2112000
2252800
2376000
2534400
2640000
2816000
2970000
3168000
3379200
3520000
3754667
3960000
4224000
4505600
4752000
5068800
5280000
5632000
5940000
6336000
6758400
7040000
7509333
7920000
8448000
9011200
9504000
10137600
10560000
11264000
11880000
12672000
